$ANSIBLE_VAULT;1.1;AES256
32626464646361383933366162386236623866663636396636393535373464333536643630316332
3230323261333466323262656638333838373462663136610a333439613366626466396335336237
63363737666631353664366231623766333538366462323665363665306236303634613066303039
3637653561326131630a653335313832366534623931343830373364623535666631343237613563
38393165333563373733643838643266643761343038363234393131626535616137343466616262
61336339303063373666353139323535656463366135633732343430323361336265323263636630
31646665306635383335323136333131303436316636666431356230316630323061353736656461
32396564363666353834623933373736373164363764316533653665316261303833643330663332
39613666386262373962343937373337633934643237343563373066353263613166653735323231
66393961353631323735323764646261333939613761656465643630323334653231343234323031
61666361323266313834643064613332623563363565656164316330313037363166613762646365
33373734623365346366363161353435373632613363623561646331633264373262376137623638
64613566323735303938663236383565373363386161363332613137376531656235336339633462
35363833306563356264323066643534306361316634376132396531303838373139633064376336
34343238666134306162633064633232396439376633326430353536666165643838623739396364
61653230306234303833613435373930663664366565316565366634316332666633366538633032
39643034303631643261363265363561333539663238666631626434636432633762386239353334
38313165636238643434363731396165616532663961353133656365376133323131326436396635
34316636663530366239646334646131376538376335616164643938336661386536353830353831
38613833323338666532626637633765393565373337663334346637383663376362633962313632
65333634363234623334663834393265353636353138363964323339393937333937343230303332
36303966656536383064626461613264336534653661366561356537313531336463363963623963
62323732303734663462386531643631323964373965383634613439326139653134626235323631
62653033613333613831
