$ANSIBLE_VAULT;1.1;AES256
37323131623261306132643230336431366264396131383233613464623663373533353430646463
6564396464386335313231613162363137623662663162660a313861316662373766306263666632
38376661383137323536303262306233346634353463376133666433396263353363313536323232
3464303936353739300a656262376362643138383764396233386663356363303630616661373061
61376635326364383131623564353339633536363264343165363964313530316562396134343139
35393437353562623235623063376439646338356236373637363931633137613665633731356639
33653964363537366432323864336234343332326463313564343365336130386134306565666661
33643737373764313930313666383236643165333231653539363435343236346263353334613963
62326632613937626561643232313531303334323330356233626465303163643933383730626564
35653763343566316666326537316463303363333230343839623037343766303964373436316238
35363337353162656463656431303834336165653235366564643832386536333265613932626164
63363263396431303630306561663366393135333336396234303534336132323065613863383365
34626562323739653437633765636361653136623462626134353132366365353835396538303330
35663834353066396537613832303433656562343236663432383462363431386165393236333139
35353735396632653262636465316361396639323135323865653930386131626433343939613532
66356166386532646266393637656132333261643261326531383438333135663537633135656633
31323734626634323234666136633466326330333561386130373933376430396434316163663838
31303436396237653737666263336337346530313838323636313263363161653766636632376639
37326462343836313239356439323738633734613132373566373264636433346133383937383539
37373330616132373534326135306233363761316139633566353837346630393366313237366137
38396562616463373932313933663834356537643831633431613866633566333935383130656364
62353866643833343831373062343432663362653265353864346137633432323730343830356661
61366133386633663239653630653239613962643536613932303362646631333536343732653261
32376338363638303534303164633535316563383463633430323533356232303661663236633736
6138
