$ANSIBLE_VAULT;1.1;AES256
32393034626165303464313862643837376662366535663962653663383563613362363732353038
6639633238643665646466396263343966376563313133310a316565383333666433656263383238
64613432663964663438343936396235323536313164663132653736346539623436343365313437
3932343962636238650a643630333233616631633134396338663938366164656139316239616236
61663338613531626539653433313734333938383039373262366538323664623937643364386235
37343331356337663364323432326566333033653237666631613736316631346364396533303864
63303339373439333833626666613435393339393037306637363534396439646362636164326434
34346266386661393063363061363163303565636539623061346238316234626261376163633436
62346337306138363234636230623230396665663337333437396636616266323134313932333831
64396261626635373134623966393431666464643462343932366635326437373832333330646564
33643734326636616535393332323935376164626233363839336635383533303134306234366566
61623235353163356363633039343663363138383936656236346361636239393438633864303766
66323032633834353861323737656331346138396438353336316364343338383063346630373432
39343631616430356535353338376633613764303435666464636665386531643762316564383038
32663234666335353561616137633332326335643264336363646339663363323839656538643234
35373861616363616164633463626366373465633439383235363963313263333739356161643139
39303465353639303030363138353731663566326430313538343262303436346432376133373432
38373734326564663236613438643030663039323366643134366432353930636131383630373966
31616164383564376135613264626630396361333937613134343264356635336633656534653361
32393432623861626338366530366636653537313339336465636239663166636663633065666235
34613832386264633936616232336238393864343461343035393131336537323837363331393166
36646635333531303737353831303332303239353931393735353635613133363865326534616662
63636130626166616630633763386532653639653534393464366339616161326235363764336430
66346563633766653931626236306230666431323366633639333037386665303538343230666132
35326462623837633963373137613464643239336130643331373162356461313032646332383034
31336232326330646463633638363335363432326131343830313965393762353437373433383433
65326265613366386364366662653464303261356132373139343630626665643330666239393162
36383330393237303738326261356533633130363337616431653032373431343262393132363564
64323936366236373865653562323530373431643163333965643365353031623563366365346364
62363534306661303031376339623664316239313365333163353639306663663530343864623430
33356261393431626362663334633736653235363030333837376435656361303731626664663932
63323636636436353433306436313032393533383932653036346539353831326531386566326364
39323531616234373632663238663239636534353663333062386638613538636338643233656536
3934376635363630306630346537393862396434663831326139
